RIMMA0385.1.fastq.bam 1338460 99417082 0.197866112611316 0.279850271359954
RIMMA0387.1.fastq.bam 430042 32106998 0.17137509705037 0.111101529546141
RIMMA0389.1.fastq.bam 746954 56468402 0.170021285357455 0.176801732634895
RIMMA0395.2.fastq.bam 1259649 95935452 0.189386878809218 0.275083619831897
RIMMA0397.1.fastq.bam 523161 38316904 0.170961216532699 0.128638485610084
RIMMA0404.1.fastq.bam 601859 44486826 0.172945783322701 0.145993074117772
RIMMA0405.1B.fastq.bam 977797 71160974 0.178324308313588 0.213207985306414
RIMMA0430.1.fastq.bam 733772 57081158 0.177504154749673 0.178708675458144
RIMMA0436.1.fastq.bam 1463834 109255826 0.199951645049054 0.302873432576455
RIMMA0438.1.fastq.bam 924369 68993350 0.184843676541648 0.207980744002909
RIMMA0439.1.fastq.bam 1513971 119956640 0.201729355463151 0.328805091281157
RIMMA0464.1.fastq.bam 519163 39982086 0.174571951506532 0.133522780614062
RIMMA0465.1.fastq.bam 813267 60992526 0.18097181180997 0.188335780429568
RIMMA0466.1.fastq.bam 1042391 79312004 0.191931488058418 0.23512871598193
RIMMA0468.1.fastq.bam 881434 72501858 0.183069280905812 0.218789442243551
RIMMA0473.1.fastq.bam 1467821 113376470 0.200169641355695 0.312708671038857
RIMMA0614.1.fastq.bam 911182 69042468 0.173481784431485 0.206591483721898
RIMMA0615.1.fastq.bam 887807 65813534 0.181840857161734 0.200723046662359
RIMMA0619.1.fastq.bam 1250826 93686292 0.190594583882694 0.268840382079985
RIMMA0620.1.fastq.bam 744346 56195080 0.176077122122703 0.177261364335711
RIMMA0626.2.fastq.bam 1066204 83455950 0.182728210340755 0.241971861251412
RIMMA0656.1.fastq.bam 646892 49244314 0.177808568844822 0.158723666562152
RIMMA0657.1.fastq.bam 842792 65989000 0.177701597147691 0.20040891317813
RIMMA0662.1.fastq.bam 1145856 88867980 0.192425670785691 0.256956896634148
RIMMA0663.1.fastq.bam 999975 76927198 0.187205596264339 0.227809604846994
RIMMA0665.1.fastq.bam 1047331 76502348 0.188939063463044 0.225355381960624
RIMMA0667.1.fastq.bam 890754 68104122 0.183252368478611 0.206150221952728
RIMMA0668.1.fastq.bam 819426 60417856 0.179785931796831 0.185973261128439
RIMMA0671.1.fastq.bam 992272 74774956 0.183807516137299 0.222206959266549
RIMMA0672.1.fastq.bam 770535 55864012 0.178888238190264 0.174946932063377
RIMMA0677.1.fastq.bam 1383038 105381900 0.196103462775495 0.296137936472652
RIMMA0680.1.fastq.bam 1160555 88017856 0.185096892943864 0.254769771540795
RIMMA0682.1.fastq.bam 1562017 120151938 0.200915391388258 0.330186075150954
RIMMA0687.1.fastq.bam 979808 72105164 0.186483212000149 0.217169783760631
RIMMA0690.1.fastq.bam 1064793 78823656 0.184592250780932 0.231852222352869
RIMMA0691.1.fastq.bam 869152 64359690 0.17737298252002 0.197176872673777
RIMMA0700.1.fastq.bam 936848 68376466 0.184764862271903 0.207346312777879
RIMMA0701.1.fastq.bam 1058258 83118770 0.184178329444925 0.244590940345339
RIMMA0702.1.fastq.bam 901033 70835270 0.179160821273057 0.214841194520562
RIMMA0703.1.fastq.bam 810592 62627540 0.179622262479915 0.193568195270458
RIMMA0709.1.fastq.bam 972089 73425218 0.179715122989739 0.218563648408777
RIMMA0710.1.fastq.bam 707331 51724004 0.176381426163524 0.165125582898737
RIMMA0712.1.fastq.bam 853185 67845910 0.18067191467569 0.206123449157552
RIMMA0720.1.fastq.bam 1558916 116572704 0.198140115363196 0.320692479981182
RIMMA0721.1.fastq.bam 504909 37261010 0.170763536953256 0.125728828060192
RIMMA0722.1.fastq.bam 825622 61500822 0.177671344228333 0.190200619054916
RIMMA0727.1.fastq.bam 426810 32368490 0.167005328344521 0.111814973933563
RIMMA0729.1.fastq.bam 1156757 84312740 0.186743388069045 0.244849992368459
RIMMA0730.1.fastq.bam 865590 68577096 0.177522350473049 0.207566356539933
RIMMA0731.1.fastq.bam 907397 68269720 0.173834625485858 0.205616096483378
RIMMA0733.1.fastq.bam 668911 55268846 0.166649593009872 0.175102557637938
RIMME0021_C10.1.fastq.bam 1281976 93849172 0.192801952613842 0.269353457852057
RIMME0021_C11.1.fastq.bam 1055061 76990162 0.185867553727477 0.227756026434854
RIMME0021_C1.1.fastq.bam 339034 24346900 0.164013540998063 0.0875051665731331
RIMME0021_C12.1.fastq.bam 1306381 93178468 0.189452296150933 0.265553484055748
RIMME0021_C13.1.fastq.bam 1294449 91594104 0.190927371003391 0.262529408536199
RIMME0021_C14.1.fastq.bam 982792 69778098 0.186225277823186 0.210816698392881
RIMME0021_C2.1.fastq.bam 707897 51201928 0.173332858702831 0.162918833665335
RIMME0021_C4.1.fastq.bam 1269946 92051322 0.192051949879602 0.263816700747345
RIMME0021_C6.1.fastq.bam 819923 60424852 0.171421342489764 0.185797927718691
RIMME0021_C7.1.fastq.bam 623167 45395668 0.172947741184253 0.147883133304431
RIMME0021_C9.1.fastq.bam 1041328 75717792 0.182088336339667 0.224175354603432
RIMME0026_C10.1.fastq.bam 65635 4644166 0.16679992620483 0.0211304825441615
RIMME0026_C11.1.fastq.bam 725271 51346304 0.176302331080635 0.163500936443783
RIMME0026_C12.1.fastq.bam 808187 58535146 0.176760267571408 0.181729867686013
RIMME0026_C14.1.fastq.bam 812648 59718006 0.172455458458514 0.184317731920766
RIMME0026_C3.1.fastq.bam 1434427 106420944 0.196259353309075 0.299005441239968
RIMME0026_C4.1.fastq.bam 893606 64546676 0.182432233257817 0.198001149982246
RIMME0026_C5.1.fastq.bam 1372993 101719676 0.193691501138983 0.286700126653251
RIMME0026_C6.1.fastq.bam 1397662 100248596 0.19453625577256 0.282320904431199
RIMME0026_C7.1.fastq.bam 777706 55319248 0.178364390375533 0.173716341743327
RIMME0026_C8.1.fastq.bam 1034667 75563518 0.183924229213004 0.224709359616081
RIMME0026_C9.1.fastq.bam 872622 62585290 0.181023440422602 0.192482302141909
RIMME0029.12.fastq.bam 500670 36316830 0.169961202804627 0.122774699832831
RIMME0029.1.fastq.bam 903598 64457708 0.18311352571158 0.197260755439075
RIMME0029.3.fastq.bam 1093692 79191920 0.185203540434034 0.232324925181533
RIMME0029.4.fastq.bam 843833 60524058 0.182257459253367 0.187192723758002
RIMME0029.9.fastq.bam 812418 60140282 0.17805704120921 0.18625482734904
RIMME0030.12.fastq.bam 1027399 71213452 0.18521480875111 0.213932049274483
RIMME0030.13.fastq.bam 1026316 73082178 0.183169921236378 0.217560890598232
RIMME0030.5.fastq.bam 558836 39706504 0.169516950374579 0.131808763980058
RIMME0030.7.fastq.bam 938849 66151064 0.18258863499601 0.200666260541955
RIMME0031.10.fastq.bam 848065 60251900 0.174898216485925 0.185855086165864
RIMME0031.11.fastq.bam 1269877 90590928 0.181188672161763 0.257682254919844
RIMME0031.12.fastq.bam 748349 54377466 0.170506716965766 0.170614459438725
RIMME0031.4.fastq.bam 928247 66437066 0.177137822906917 0.201968032308545
RIMME0031.7.fastq.bam 1235702 85801658 0.184068230435135 0.247047996337077
RIMME0035.11.fastq.bam 1302392 95005250 0.186801575721868 0.26983401396512
RIMME0035.8.fastq.bam 1122439 83076104 0.183779630556162 0.242444843177975
RIMME0035.9.fastq.bam 991047 72951568 0.180666531933146 0.218462680188375
RIMPA0071.16.fastq.bam 1104857 78010100 0.190479966349635 0.230733512159022
RIMPA0071.17.fastq.bam 451919 31520780 0.169262159375741 0.109121058931359
RIMPA0071.4.fastq.bam 1111419 82377806 0.189930122505521 0.241891231395896
RIMPA0071.5.fastq.bam 1130905 83330798 0.187134384168738 0.243681681169738
RIMPA0096.12.fastq.bam 681191 51919304 0.179761417511533 0.166466797018617
RITD0001.1.fastq.bam 889164 40219516 0.137166108181041 0.131380591800393
