RIMMA0385.1.fastq.bam 1338460 99417082 1.08082679343495 0.469235026993762
RIMMA0387.1.fastq.bam 430042 32106998 0.740520270569693 0.185088174076514
RIMMA0389.1.fastq.bam 746954 56468402 0.890147450131367 0.300017234362671
RIMMA0395.2.fastq.bam 1259649 95935452 1.1167487163392 0.472542483283286
RIMMA0397.1.fastq.bam 523161 38316904 0.779065071226207 0.213879170101529
RIMMA0404.1.fastq.bam 601859 44486826 0.840026183859063 0.24477773313143
RIMMA0405.1B.fastq.bam 977797 71160974 0.970193480650062 0.360136351742732
RIMMA0430.1.fastq.bam 733772 57081158 0.861575855533415 0.299261114909338
RIMMA0436.1.fastq.bam 1463834 109255826 1.13822387866791 0.511461566375839
RIMMA0438.1.fastq.bam 924369 68993350 0.924335610730665 0.346370735351147
RIMMA0439.1.fastq.bam 1513971 119956640 1.18817347864058 0.56143324064514
RIMMA0464.1.fastq.bam 519163 39982086 0.761896718108181 0.220799698557071
RIMMA0465.1.fastq.bam 813267 60992526 0.882743330779539 0.313304199042122
RIMMA0466.1.fastq.bam 1042391 79312004 1.00135665560857 0.395582571207594
RIMMA0468.1.fastq.bam 881434 72501858 0.971618971693502 0.373218201013362
RIMMA0473.1.fastq.bam 1467821 113376470 1.15744904771323 0.53045121523171
RIMMA0614.1.fastq.bam 911182 69042468 0.903649024735582 0.347928324808712
RIMMA0615.1.fastq.bam 887807 65813534 0.930945824241424 0.336939531187319
RIMMA0619.1.fastq.bam 1250826 93686292 1.10061550888376 0.457831532633972
RIMMA0620.1.fastq.bam 744346 56195080 0.89888098781293 0.299510370386958
RIMMA0626.2.fastq.bam 1066204 83455950 0.976749520387143 0.408959873654512
RIMMA0656.1.fastq.bam 646892 49244314 0.812013737970855 0.262881578831152
RIMMA0657.1.fastq.bam 842792 65989000 0.898809044320266 0.336748377738064
RIMMA0662.1.fastq.bam 1145856 88867980 1.04025784189611 0.43391815812989
RIMMA0663.1.fastq.bam 999975 76927198 0.970562771183399 0.382789282863073
RIMMA0665.1.fastq.bam 1047331 76502348 0.954857006988507 0.373718134662915
RIMMA0667.1.fastq.bam 890754 68104122 0.920463843610054 0.34487355836765
RIMMA0668.1.fastq.bam 819426 60417856 0.870130799744018 0.308104547608723
RIMMA0671.1.fastq.bam 992272 74774956 0.965640600025987 0.374647440583258
RIMMA0672.1.fastq.bam 770535 55864012 0.85236635718778 0.29045149277342
RIMMA0677.1.fastq.bam 1383038 105381900 1.12650377050329 0.505369166989238
RIMMA0680.1.fastq.bam 1160555 88017856 1.04549303333742 0.435326572903881
RIMMA0682.1.fastq.bam 1562017 120151938 1.21900176210607 0.566602544074553
RIMMA0687.1.fastq.bam 979808 72105164 0.98197639030349 0.366668003584252
RIMMA0690.1.fastq.bam 1064793 78823656 0.998513291800798 0.39110320936776
RIMMA0691.1.fastq.bam 869152 64359690 0.929076088719015 0.333985855279061
RIMMA0700.1.fastq.bam 936848 68376466 0.946746818810889 0.346746452156052
RIMMA0701.1.fastq.bam 1058258 83118770 1.04903397416084 0.420628207041309
RIMMA0702.1.fastq.bam 901033 70835270 1.00088018750475 0.369013627779621
RIMMA0703.1.fastq.bam 810592 62627540 0.926754285494762 0.327896693738408
RIMMA0709.1.fastq.bam 972089 73425218 0.963876732060868 0.369936568333014
RIMMA0710.1.fastq.bam 707331 51724004 0.872667308704929 0.276768854785739
RIMMA0712.1.fastq.bam 853185 67845910 0.92675607398327 0.349262928576482
RIMMA0720.1.fastq.bam 1558916 116572704 1.21036832106656 0.549177155719773
RIMMA0721.1.fastq.bam 504909 37261010 0.782705340487486 0.209910120371744
RIMMA0722.1.fastq.bam 825622 61500822 0.925021664252122 0.321643625739361
RIMMA0727.1.fastq.bam 426810 32368490 0.742952983029696 0.186657499432525
RIMMA0729.1.fastq.bam 1156757 84312740 1.03179103761317 0.413681775489062
RIMMA0730.1.fastq.bam 865590 68577096 0.946403851145158 0.353550395200177
RIMMA0731.1.fastq.bam 907397 68269720 0.936758774139976 0.348943337533232
RIMMA0733.1.fastq.bam 668911 55268846 0.927301533928654 0.303680588837261
RIMME0021_C10.1.fastq.bam 1281976 93849172 1.09811865271659 0.456978751060898
RIMME0021_C11.1.fastq.bam 1055061 76990162 0.988908417046981 0.383750178466674
RIMME0021_C1.1.fastq.bam 339034 24346900 0.669665862589356 0.143569050005928
RIMME0021_C12.1.fastq.bam 1306381 93178468 1.08817685186887 0.449742702206619
RIMME0021_C13.1.fastq.bam 1294449 91594104 1.08481701972921 0.445018785695961
RIMME0021_C14.1.fastq.bam 982792 69778098 0.957087716907547 0.352525258598592
RIMME0021_C2.1.fastq.bam 707897 51201928 0.839284985203252 0.271961304526611
RIMME0021_C4.1.fastq.bam 1269946 92051322 1.07140253304118 0.446242049865784
RIMME0021_C6.1.fastq.bam 819923 60424852 0.868177309995323 0.311785761220759
RIMME0021_C7.1.fastq.bam 623167 45395668 0.816205343717025 0.246826166825529
RIMME0021_C9.1.fastq.bam 1041328 75717792 0.978571127736767 0.377650896236499
RIMME0026_C10.1.fastq.bam 65635 4644166 0.429465032399835 0.0311376111911568
RIMME0026_C11.1.fastq.bam 725271 51346304 0.839937307959823 0.27149452871647
RIMME0026_C12.1.fastq.bam 808187 58535146 0.874720952217766 0.303844465628994
RIMME0026_C14.1.fastq.bam 812648 59718006 0.880294059016321 0.310418317298938
RIMME0026_C3.1.fastq.bam 1434427 106420944 1.15253064467598 0.511288265407178
RIMME0026_C4.1.fastq.bam 893606 64546676 0.926350370220814 0.332949058930915
RIMME0026_C5.1.fastq.bam 1372993 101719676 1.11937211206063 0.48852135040064
RIMME0026_C6.1.fastq.bam 1397662 100248596 1.11647991348331 0.476749835551247
RIMME0026_C7.1.fastq.bam 777706 55319248 0.857435872330758 0.288720573793224
RIMME0026_C8.1.fastq.bam 1034667 75563518 0.976293785163347 0.379932469674621
RIMME0026_C9.1.fastq.bam 872622 62585290 0.90153351435452 0.322003083173056
RIMME0029.12.fastq.bam 500670 36316830 0.731782268485685 0.201595615855046
RIMME0029.1.fastq.bam 903598 64457708 0.936082412235887 0.329354135765842
RIMME0029.3.fastq.bam 1093692 79191920 0.994117532753353 0.389807197650861
RIMME0029.4.fastq.bam 843833 60524058 0.889206421185426 0.30990364410918
RIMME0029.9.fastq.bam 812418 60140282 0.892320410791467 0.31175562579214
