abundance.CAU478_merged.fq.bam.txt,270380,6547.5,0.0242159183371551
abundance.TIL04-TIP454_merged.fq.bam.txt,660520,20737,0.031394961545449
abundance.TIL10_merged.fq.bam.txt,1074021,32118,0.029904443209211
abundance.CML418_merged.fq.bam.txt,324057,8041.5,0.0248150788287246
abundance.TIL16_merged.fq.bam.txt,1316652,35859,0.0272349869213733
abundance.CML202_merged.fq.bam.txt,266452,6843.5,0.0256838004593698
abundance.H16_merged.fq.bam.txt,288923,7462.5,0.0258286809980514
abundance.TIL06-TIP260_merged.fq.bam.txt,1097679,29962,0.0272957759053421
abundance.NC350_merged.fq.bam.txt,811946,23976.5,0.0295296731556039
abundance.CML103_merged.fq.bam.txt,1126333,31099,0.0276108397782894
abundance.MO18W_merged.fq.bam.txt,1063151,32233,0.030318364935931
abundance.CML133_merged.fq.bam.txt,332555,9563.33333333333,0.0287571479404409
abundance.BKN022_merged.fq.bam.txt,365909,11295,0.0308683306505169
abundance.BKN031_merged.fq.bam.txt,343864,10825,0.0314804690226369
abundance.CML96_merged.fq.bam.txt,317672,8305,0.0261433176358004
abundance.Tx303_merged.fq.bam.txt,1358728,41554.8333333333,0.0305836291982894
abundance.BKN034_merged.fq.bam.txt,360219,11356.8333333333,0.0315275799814372
abundance.M162W_merged.fq.bam.txt,1081046,32503,0.0300662506498336
abundance.VL056883_merged.fq.bam.txt,278155,7798,0.0280347288382377
abundance.BKN033_merged.fq.bam.txt,323412,10221,0.0316036510704612
abundance.TIL08_merged.fq.bam.txt,1249711,38672.5,0.030945154519725
abundance.Oh43_merged.fq.bam.txt,941458,23565.6666666667,0.0250310334254599
abundance.W64A_merged.fq.bam.txt,737953,19227,0.0260545048261881
abundance.M37W_merged.fq.bam.txt,1092731,31393,0.0287289369478856
abundance.BKN009_merged.fq.bam.txt,312766,10245.5,0.0327577166316032
abundance.B97_merged.fq.bam.txt,1247989,40605.6666666667,0.0325368786637275
abundance.CML479_merged.fq.bam.txt,273755,7306,0.026688097021059
abundance.BKN018_merged.fq.bam.txt,379890,12565.5,0.0330766800916055
abundance.MS71_merged.fq.bam.txt,1404716,41298,0.0293995369882595
abundance.TIL09_merged.fq.bam.txt,1254451,36445.3333333333,0.0290528154015847
abundance.TIL11_merged.fq.bam.txt,872333,23705.5,0.0271748288784214
abundance.CML411_merged.fq.bam.txt,308413,7927.5,0.0257041694092013
abundance.BKN019_merged.fq.bam.txt,342682,11391.3333333333,0.0332417031922696
abundance.CML85_merged.fq.bam.txt,333284,9740,0.0292243252001296
abundance.CML511_merged.fq.bam.txt,295087,7552.5,0.0255941468109405
abundance.BKN017_merged.fq.bam.txt,386259,12211,0.0316135028568914
abundance.BKN014_merged.fq.bam.txt,341042,10077.5,0.0295491464394415
abundance.VL062784_merged.fq.bam.txt,261479,7195.5,0.0275184622856902
abundance.W22_merged.fq.bam.txt,1615174,40506.5,0.0250787221686332
abundance.CAUMo17_merged.fq.bam.txt,1486209,39557,0.0266160412162758
abundance.TIL17_merged.fq.bam.txt,1257765,33793.5,0.0268678966261583
abundance.TIL25-TIP489_merged.fq.bam.txt,368410,11223,0.0304633424717027
abundance.NC358_merged.fq.bam.txt,829611,24069.5,0.0290129952471701
abundance.VL0512447_merged.fq.bam.txt,303267,7302.5,0.0240794415482067
abundance.TIL14-TIP498_merged.fq.bam.txt,621961,18022,0.0289760933563358
abundance.TDD39103_merged.fq.bam.txt,880299,8507.58333333333,0.00966442462542083
abundance.TIL02_merged.fq.bam.txt,437826,12091,0.0276159935682212
abundance.TIL15_merged.fq.bam.txt,1513812,46349,0.0306174082382753
abundance.BKN032_merged.fq.bam.txt,339990,10757.5,0.0316406364893085
abundance.CML312SR_merged.fq.bam.txt,297529,7015.5,0.0235792141270263
abundance.BKN015_merged.fq.bam.txt,335421,10493.3333333333,0.0312840678828497
abundance.CML341_merged.fq.bam.txt,265410,6525,0.0245846049508308
abundance.Mo17_merged.fq.bam.txt,1528879,40206,0.0262976991638972
abundance.CML333_merged.fq.bam.txt,1241492,32019.1666666667,0.0257908763541502
abundance.CML330_merged.fq.bam.txt,308983,8370,0.0270888689669011
abundance.CML277_merged.fq.bam.txt,953026,26089.5,0.02737543361881
abundance.TIL04-TIP285_merged.fq.bam.txt,344719,8039.5,0.0233218940644409
abundance.P1_merged.fq.bam.txt,274841,7580,0.0275795823767196
abundance.B73_merged.fq.bam.txt,1596746,41638,0.026076783658766
abundance.CML52_merged.fq.bam.txt,1550081,41053,0.026484422426957
abundance.TIL12_merged.fq.bam.txt,765452,21429.5,0.0279958769459091
abundance.BKN027_merged.fq.bam.txt,289149,8820.5,0.0305050337369315
abundance.CML504_merged.fq.bam.txt,304653,7805.5,0.0256209523621957
abundance.CML206_merged.fq.bam.txt,312808,8105,0.0259104626480141
abundance.Il14H_merged.fq.bam.txt,1629589,41493,0.0254622484565127
abundance.VL054178_merged.fq.bam.txt,297346,7972,0.0268105170407539
abundance.CML247_merged.fq.bam.txt,1031324,26398.5,0.025596708696782
abundance.BKN026_merged.fq.bam.txt,312408,9668,0.0309467107116335
abundance.CML228_merged.fq.bam.txt,1127814,31392,0.0278343769451346
abundance.CML84_merged.fq.bam.txt,288125,7863.5,0.0272919739696312
abundance.TIL07_merged.fq.bam.txt,863331,24775.5,0.0286975679084847
abundance.Ky21_merged.fq.bam.txt,953599,27439,0.0287741493017505
abundance.VL05610_merged.fq.bam.txt,320684,7935.16666666667,0.0247445044550607
abundance.TIL05_merged.fq.bam.txt,1219838,33066.5,0.0271072880169334
abundance.Oh7B_merged.fq.bam.txt,1128679,35898.1666666667,0.0318054705249825
abundance.BKN011_merged.fq.bam.txt,322514,10086,0.0312730610144056
abundance.TIL06-TIP496_merged.fq.bam.txt,534172,16258,0.0304358895636611
abundance.CAU5003_merged.fq.bam.txt,511825,6569.5,0.012835441801397
abundance.CML505_merged.fq.bam.txt,193478,4460,0.0230517164742245
abundance.BKN020_merged.fq.bam.txt,342568,10783,0.0314769622381542
abundance.CML69_merged.fq.bam.txt,1724608,42707.5,0.0247635984525179
abundance.CAU178_merged.fq.bam.txt,300084,6350.33333333333,0.0211618524590892
abundance.BKN010_merged.fq.bam.txt,334954,10827,0.0323238414827111
abundance.CML99_merged.fq.bam.txt,281578,7777,0.0276193452613485
abundance.BKN035_merged.fq.bam.txt,332999,10788,0.0323964936831642
abundance.HP301_merged.fq.bam.txt,1384648,37522.5,0.0270989450026288
abundance.Ki11_merged.fq.bam.txt,1117912,29546,0.0264296295236119
abundance.BKN025_merged.fq.bam.txt,345755,10514,0.0304088154907377
abundance.BKN029_merged.fq.bam.txt,313204,9848.5,0.0314443621409688
abundance.BKN030_merged.fq.bam.txt,310899,9485,0.0305083001231911
abundance.TIL01_merged.fq.bam.txt,997607,30972.1666666667,0.0310464608474747
abundance.KI3_merged.fq.bam.txt,1428491,38680.5,0.0270778744843335
abundance.CML322_merged.fq.bam.txt,945987,25301,0.0267456106690684
abundance.CAUZHENG58_merged.fq.bam.txt,441449,8092.5,0.0183316759127328
abundance.BKN016_merged.fq.bam.txt,322417,10145,0.0314654624290903
abundance.BKN040_merged.fq.bam.txt,364738,11143,0.0305506966644551
abundance.P39_merged.fq.bam.txt,1316149,38022,0.0288888264170698
abundance.CML192_merged.fq.bam.txt,290776,7938.5,0.0273010839959281
abundance.Tzi8_merged.fq.bam.txt,1091605,29339.5,0.0268773961277202
abundance.TIL03_merged.fq.bam.txt,892650,24302.5,0.0272251162269647
abundance.VL05128_merged.fq.bam.txt,249291,6532,0.0262023097504523
abundance.BKN023_merged.fq.bam.txt,342412,11022.5,0.0321907526605376
abundance.CAUCHANG72_merged.fq.bam.txt,351089,8504,0.0242217785233944
