abundance.B73_merged.fq.bam.txt,1596746,23417,0.0146654508606879
abundance.B97_merged.fq.bam.txt,1247989,22939.1666666667,0.0183809045325453
abundance.BKN009_merged.fq.bam.txt,312766,5699.5,0.018222888677158
abundance.BKN010_merged.fq.bam.txt,334954,5932.5,0.0177113872352622
abundance.BKN011_merged.fq.bam.txt,322514,5509,0.0170814290232362
abundance.BKN014_merged.fq.bam.txt,341042,5663,0.0166049929334217
abundance.BKN015_merged.fq.bam.txt,335421,5572.33333333333,0.016612953074892
abundance.BKN016_merged.fq.bam.txt,322417,5554,0.0172261388202235
abundance.BKN017_merged.fq.bam.txt,386259,6676,0.0172837396669074
abundance.BKN018_merged.fq.bam.txt,379890,6895.5,0.0181513069572771
abundance.BKN019_merged.fq.bam.txt,342682,6269.83333333333,0.0182963602795984
abundance.BKN020_merged.fq.bam.txt,342568,5929.5,0.01730897223325
abundance.BKN022_merged.fq.bam.txt,365909,6069,0.0165860910772897
abundance.BKN023_merged.fq.bam.txt,342412,5864,0.0171255680291579
abundance.BKN025_merged.fq.bam.txt,345755,5717.5,0.016536275686541
abundance.BKN026_merged.fq.bam.txt,312408,5297,0.0169553916673069
abundance.BKN027_merged.fq.bam.txt,289149,4485.5,0.0155127633157991
abundance.BKN029_merged.fq.bam.txt,313204,5449.5,0.0173992030753119
abundance.BKN030_merged.fq.bam.txt,310899,5103.5,0.016415298859115
abundance.BKN031_merged.fq.bam.txt,343864,5947.5,0.0172960821720215
abundance.BKN032_merged.fq.bam.txt,339990,5907,0.0173740404129533
abundance.BKN033_merged.fq.bam.txt,323412,5525,0.0170834724747381
abundance.BKN034_merged.fq.bam.txt,360219,6171,0.0171312451591948
abundance.BKN035_merged.fq.bam.txt,332999,5941.5,0.0178423959231109
abundance.BKN040_merged.fq.bam.txt,364738,5901,0.0161787365177196
abundance.CAU178_merged.fq.bam.txt,300084,3724.5,0.0124115247730635
abundance.CAU478_merged.fq.bam.txt,270380,3624.5,0.0134052074857608
abundance.CAU5003_merged.fq.bam.txt,511825,4019.5,0.00785327016069946
abundance.CAUCHANG72_merged.fq.bam.txt,351089,4954.5,0.0141118064080618
abundance.CAUMo17_merged.fq.bam.txt,1486209,22527.5,0.0151576931642858
abundance.CAUZHENG58_merged.fq.bam.txt,441449,4844,0.0109729549732812
abundance.CML103_merged.fq.bam.txt,1126333,17268,0.0153311676031866
abundance.CML133_merged.fq.bam.txt,332555,5188,0.0156004269970381
abundance.CML192_merged.fq.bam.txt,290776,4267,0.0146745260956888
abundance.CML202_merged.fq.bam.txt,266452,3583,0.0134470748952907
abundance.CML206_merged.fq.bam.txt,312808,4388,0.0140277742257231
abundance.CML228_merged.fq.bam.txt,1127814,17365,0.0153970424201154
abundance.CML247_merged.fq.bam.txt,1031324,14558.5,0.0141163203804042
abundance.CML277_merged.fq.bam.txt,953026,14507,0.015222040112232
abundance.CML312SR_merged.fq.bam.txt,297529,3590.5,0.0120677312127557
abundance.CML322_merged.fq.bam.txt,945987,14034.5,0.0148358275536556
abundance.CML330_merged.fq.bam.txt,308983,4664,0.0150946815844237
abundance.CML333_merged.fq.bam.txt,1241492,17258.1666666667,0.0139011501215205
abundance.CML341_merged.fq.bam.txt,265410,3310,0.0124712708639463
abundance.CML411_merged.fq.bam.txt,308413,4268.5,0.0138402077733429
abundance.CML418_merged.fq.bam.txt,324057,4500.5,0.0138879888414692
abundance.CML479_merged.fq.bam.txt,273755,3804,0.013895636609377
abundance.CML504_merged.fq.bam.txt,304653,4310,0.0141472429288404
abundance.CML505_merged.fq.bam.txt,193478,1912,0.00988226051540744
abundance.CML511_merged.fq.bam.txt,295087,3853.5,0.0130588606072108
abundance.CML52_merged.fq.bam.txt,1550081,22538.5,0.014540207898813
abundance.CML69_merged.fq.bam.txt,1724608,23350.5,0.0135395985638476
abundance.CML84_merged.fq.bam.txt,288125,4099,0.014226464208243
abundance.CML85_merged.fq.bam.txt,333284,5353,0.0160613770838084
abundance.CML96_merged.fq.bam.txt,317672,4557,0.0143449847641593
abundance.CML99_merged.fq.bam.txt,281578,4100.5,0.0145625723600565
abundance.H16_merged.fq.bam.txt,288923,3977,0.0137649131429481
abundance.HP301_merged.fq.bam.txt,1384648,20538,0.0148326506086746
abundance.Il14H_merged.fq.bam.txt,1629589,22310.5,0.013690875429326
abundance.Ki11_merged.fq.bam.txt,1117912,16825.5,0.0150508268987183
abundance.KI3_merged.fq.bam.txt,1428491,21193.5,0.0148362852828614
abundance.Ky21_merged.fq.bam.txt,953599,15484,0.0162374331348921
abundance.M162W_merged.fq.bam.txt,1081046,18508.5,0.0171209180737915
abundance.M37W_merged.fq.bam.txt,1092731,17844.5,0.016330185562595
abundance.Mo17_merged.fq.bam.txt,1528879,22800,0.0149128871545753
abundance.MO18W_merged.fq.bam.txt,1063151,18239,0.0171556063061597
abundance.MS71_merged.fq.bam.txt,1404716,23660.5,0.0168436182117951
abundance.NC350_merged.fq.bam.txt,811946,13556,0.016695691585401
abundance.NC358_merged.fq.bam.txt,829611,13737,0.0165583628953811
abundance.Oh43_merged.fq.bam.txt,941458,13977.8333333333,0.0148470068057559
abundance.Oh7B_merged.fq.bam.txt,1128679,19972,0.0176950222339567
abundance.P1_merged.fq.bam.txt,274841,3971,0.0144483537754556
abundance.P39_merged.fq.bam.txt,1316149,21692,0.0164814166177234
abundance.TDD39103_merged.fq.bam.txt,880299,5810,0.00660003021700581
abundance.TIL01_merged.fq.bam.txt,997607,17170.6666666667,0.0172118546348078
abundance.TIL02_merged.fq.bam.txt,437826,6741,0.0153965273875923
abundance.TIL03_merged.fq.bam.txt,892650,13416.5,0.0150299669523329
abundance.TIL04-TIP285_merged.fq.bam.txt,344719,4894.5,0.0141985211142989
abundance.TIL04-TIP454_merged.fq.bam.txt,660520,11631,0.017608853630473
abundance.TIL05_merged.fq.bam.txt,1219838,18570,0.0152233329343733
abundance.TIL06-TIP260_merged.fq.bam.txt,1097679,16822.5,0.0153255186625598
abundance.TIL06-TIP496_merged.fq.bam.txt,534172,8794,0.0164628621492703
abundance.TIL07_merged.fq.bam.txt,863331,14033,0.0162544840854782
abundance.TIL08_merged.fq.bam.txt,1249711,21983,0.017590466915951
abundance.TIL09_merged.fq.bam.txt,1254451,20687.3333333333,0.0164911449975594
abundance.TIL10_merged.fq.bam.txt,1074021,18304.5,0.0170429628470952
abundance.TIL11_merged.fq.bam.txt,872333,13362,0.0153175450200783
abundance.TIL12_merged.fq.bam.txt,765452,11921,0.0155738047584956
abundance.TIL14-TIP498_merged.fq.bam.txt,621961,10140,0.0163032730348044
abundance.TIL15_merged.fq.bam.txt,1513812,26002.5,0.0171768356969029
abundance.TIL16_merged.fq.bam.txt,1316652,20155,0.0153077654535899
abundance.TIL17_merged.fq.bam.txt,1257765,19085.5,0.0151741382531713
abundance.TIL25-TIP489_merged.fq.bam.txt,368410,6473,0.0175700985315274
abundance.Tx303_merged.fq.bam.txt,1358728,23053.3333333333,0.0169668493865831
abundance.Tzi8_merged.fq.bam.txt,1091605,16595.5,0.0152028435194049
abundance.VL0512447_merged.fq.bam.txt,303267,3972.5,0.0130990183567615
abundance.VL05128_merged.fq.bam.txt,249291,3430.5,0.0137610262705031
abundance.VL054178_merged.fq.bam.txt,297346,4120.5,0.0138575935105904
abundance.VL05610_merged.fq.bam.txt,320684,4132.66666666667,0.0128870372911236
abundance.VL056883_merged.fq.bam.txt,278155,4153.5,0.0149323219068505
abundance.VL062784_merged.fq.bam.txt,261479,3820.5,0.014611115997843
abundance.W22_merged.fq.bam.txt,1615174,22352,0.0138387566912296
abundance.W64A_merged.fq.bam.txt,737953,11059,0.0149860492470388
